function p = positions
p=zeros(1, 11, 3 );
p(1,:,:) = [ -0.198669 0 0;
-0.149438 0 0;
-0.0998334 0 0;
-0.0499792 0 0;
0 0 0;
0.0498542 0 0;
0.0994589 0 0;
0.14869 0 0;
0.197425 0 0;
0.246161 0 0;
0.292619 0 0];
.336325 0 0;
0.376833 0 0;
0.413725 0 0;
0.446619 0 0;
0.475171 0 0;
0.499079 0 0;
0.518088 0 0;
0.531987 0 0;
0.54062 0 0;
0.543881 0 0;
0.541716 0 0;
0.534126 0 0;
0.521169 0 0;
0.502952 0 0;
0.479638 0 0;
0.451441 0 0;
0.418626 0 0;
0.381501 0 0;
0.340424 0 0;
0.295789 0 0;
0.248029 0 0;
0.19761 0 0;
0.145027 0 0;
0.0907967 0 0;
0.0354552 0 0;
-0.0204483 0 0;
-0.0763569 0 0;
-0.131712 0 0;
-0.185957 0 0;
-0.238547 0 0;
-0.288949 0 0;
-0.336651 0 0;
-0.381166 0 0;
-0.422037 0 0;
-0.458842 0 0;
-0.491197 0 0;
-0.518763 0 0;
-0.541245 0 0;
-0.558401 0 0;
-0.570038 0 0;
-0.576019 0 0;
-0.576264 0 0;
-0.570748 0 0;
-0.559506 0 0;
-0.542627 0 0;
-0.52026 0 0;
-0.492607 0 0;
-0.459926 0 0];
;
26622 849.093 849.093;
26615.7 876.407 876.407;
26609.2 903.714 903.714;
26602.5 931.014 931.014;
26595.5 958.305 958.305;
26588.3 985.589 985.589;
26580.9 1012.86 1012.86;
26573.3 1040.13 1040.13;
26565.4 1067.39 1067.39;
26557.3 1094.64 1094.64;
26549 1121.88 1121.88;
26540.5 1149.11 1149.11;
26531.7 1176.33 1176.33;
26522.7 1203.54 1203.54;
26513.5 1230.74 1230.74;
26504.1 1257.93 1257.93;
26494.4 1285.11 1285.11;
26484.5 1312.28 1312.28;
26474.4 1339.44 1339.44;
26464 1366.59 1366.59;
26453.5 1393.72 1393.72;
26442.7 1420.85 1420.85;
26431.6 1447.96 1447.96;
26420.4 1475.06 1475.06;
26408.9 1502.14 1502.14;
26397.2 1529.22 1529.22;
26385.3 1556.28 1556.28;
26373.2 1583.33 1583.32;
26360.8 1610.36 1610.36;
26348.2 1637.38 1637.38;
26335.3 1664.39 1664.38;
26322.3 1691.38 1691.38;
26309 1718.35 1718.35;
26295.5 1745.32 1745.32;
26281.7 1772.26 1772.26;
26267.8 1799.2 1799.2;
26253.6 1826.11 1826.11;
26239.1 1853.01 1853.01;
26224.5 1879.9 1879.9;
26209.6 1906.77 1906.77;
26194.5 1933.62 1933.62;
26179.1 1960.46 1960.45;
26163.6 1987.27 1987.27;
26147.8 2014.07 2014.07;
26131.8 2040.86 2040.86;
26115.5 2067.62 2067.62;
26099 2094.37 2094.37;
26082.3 2121.1 2121.1;
26065.4 2147.81 2147.81;
26048.2 2174.5 2174.5;
26030.8 2201.18 2201.17;
26013.1 2227.83 2227.83;
25995.3 2254.46 2254.46;
25977.2 2281.08 2281.07;
25958.9 2307.67 2307.67;
25940.3 2334.24 2334.24;
25921.5 2360.8 2360.79;
25902.5 2387.33 2387.32;
25883.2 2413.84 2413.83;
25863.8 2440.33 2440.32;
25844 2466.79 2466.79;
25824.1 2493.24 2493.23;
25803.9 2519.66 2519.66;
25783.5 2546.06 2546.06;
25762.8 2572.44 2572.43;
25742 2598.79 2598.79;
25720.9 2625.12 2625.12;
25699.5 2651.43 2651.42;
25677.9 2677.71 2677.71;
25656.1 2703.97 2703.96;
25634.1 2730.2 2730.2;
25611.8 2756.41 2756.41;
25589.3 2782.59 2782.59;
25566.5 2808.75 2808.75;
25543.5 2834.89 2834.88;
25520.3 2860.99 2860.99;
25496.8 2887.07 2887.06;
25473.1 2913.12 2913.12;
25449.2 2939.15 2939.14;
25425 2965.15 2965.14;
25400.6 2991.12 2991.11;
25376 3017.07 3017.06;
25351.1 3042.98 3042.97;
25326 3068.87 3068.86;
25300.6 3094.73 3094.72;
25275.1 3120.56 3120.55;
25249.2 3146.36 3146.35;
25223.2 3172.13 3172.12;
25196.8 3197.87 3197.86;
25170.3 3223.58 3223.57;
25143.5 3249.26 3249.25;
25116.5 3274.91 3274.9;
25089.2 3300.52 3300.51;
25061.7 3326.11 3326.1;
25033.9 3351.67 3351.65;
25006 3377.19 3377.18;
24977.7 3402.68 3402.67;
24949.2 3428.13 3428.12;
24920.5 3453.56 3453.54;
24891.6 3478.95 3478.93;
24862.4 3504.3 3504.29;
24832.9 3529.62 3529.61;
24803.2 3554.91 3554.9;
24773.3 3580.16 3580.15;
24743.1 3605.38 3605.37;
24712.7 3630.56 3630.55;
24682 3655.71 3655.7;
24651.1 3680.82 3680.81;
24620 3705.89 3705.88;
24588.6 3730.93 3730.91;
24556.9 3755.93 3755.91;
24525 3780.89 3780.87;
24492.9 3805.81 3805.8;
24460.5 3830.7 3830.68;
24427.8 3855.54 3855.53;
24394.9 3880.35 3880.33;
24361.8 3905.12 3905.1;
24328.4 3929.85 3929.83;
24294.8 3954.54 3954.52;
24260.9 3979.18 3979.16;
24226.8 4003.79 4003.77;
24192.4 4028.35 4028.33;
24157.8 4052.88 4052.86;
24122.9 4077.36 4077.34;
24087.7 4101.8 4101.78;
24052.3 4126.19 4126.17;
24016.7 4150.55 4150.53;
23980.8 4174.86 4174.83;
23944.6 4199.12 4199.1;
23908.2 4223.34 4223.32;
23871.6 4247.52 4247.49;
23834.6 4271.65 4271.62;
23797.5 4295.73 4295.71;
23760 4319.77 4319.75;
23722.4 4343.76 4343.74;
23684.4 4367.71 4367.68;
23646.2 4391.61 4391.58;
23607.8 4415.46 4415.43;
23569.1 4439.26 4439.23;
23530.1 4463.01 4462.98;
23490.9 4486.72 4486.69;
23451.4 4510.37 4510.34;
23411.6 4533.98 4533.95;
23371.6 4557.53 4557.5;
23331.3 4581.04 4581;
23290.8 4604.49 4604.46;
23250 4627.89 4627.86;
23208.9 4651.24 4651.2;
23167.6 4674.53 4674.5;
23126 4697.78 4697.74;
23084.2 4720.97 4720.93;
23042 4744.1 4744.07;
22999.6 4767.18 4767.15;
22957 4790.21 4790.17;
22914.1 4813.18 4813.14;
22870.9 4836.09 4836.05;
22827.4 4858.95 4858.91;
22783.7 4881.75 4881.71;
22739.7 4904.49 4904.45;
22695.5 4927.18 4927.14;
22650.9 4949.8 4949.76;
22606.1 4972.37 4972.33;
22561.1 4994.88 4994.84;
22515.7 5017.33 5017.28;
22470.1 5039.71 5039.67;
22424.2 5062.04 5061.99;
22378.1 5084.3 5084.26;
22331.6 5106.51 5106.46;
22284.9 5128.65 5128.6;
22237.9 5150.72 5150.67;
22190.7 5172.73 5172.68;
22143.1 5194.68 5194.63;
22095.3 5216.57 5216.51;
22047.2 5238.38 5238.33;
21998.8 5260.13 5260.08;
21950.2 5281.82 5281.76;
21901.2 5303.43 5303.38;
21852 5324.98 5324.93;
21802.5 5346.46 5346.41;
21752.7 5367.87 5367.82;
21702.6 5389.22 5389.16;
21652.3 5410.49 5410.43;
21601.7 5431.69 5431.63;
21550.7 5452.82 5452.75;
21499.5 5473.87 5473.81;
21448 5494.86 5494.79;
21396.2 5515.77 5515.7;
21344.2 5536.6 5536.54;
21291.8 5557.36 5557.29;
21239.2 5578.05 5577.98;
21186.2 5598.66 5598.59;
21133 5619.19 5619.12;
21079.5 5639.64 5639.57;
21025.6 5660.02 5659.95;
20971.5 5680.32 5680.24;
20917.1 5700.53 5700.46;
20862.4 5720.67 5720.59;
20807.4 5740.73 5740.65;
20752.1 5760.7 5760.62;
20696.5 5780.59 5780.51;
20640.6 5800.4 5800.32;
20584.4 5820.12 5820.04;
20527.9 5839.76 5839.68;
20471.1 5859.31 5859.23;
20414 5878.78 5878.7;
20356.6 5898.16 5898.07;
20298.9 5917.45 5917.36;
20240.9 5936.66 5936.57;
20182.6 5955.77 5955.68;
20123.9 5974.79 5974.7;
20065 5993.72 5993.63;
20005.8 6012.56 6012.47;
19946.2 6031.31 6031.21;
19886.3 6049.96 6049.86;
19826.2 6068.52 6068.42;
19765.7 6086.98 6086.88;
19704.9 6105.35 6105.24;
19643.7 6123.61 6123.51;
19582.3 6141.78 6141.68;
19520.5 6159.85 6159.75;
19458.5 6177.82 6177.71;
19396.1 6195.69 6195.58;
19333.4 6213.46 6213.35;
19270.3 6231.12 6231.01;
19207 6248.68 6248.57;
19143.3 6266.14 6266.02;
19079.3 6283.49 6283.37;
19014.9 6300.73 6300.61;
18950.3 6317.86 6317.74;
18885.3 6334.89 6334.76;
18820 6351.8 6351.67;
18754.3 6368.6 6368.47;
18688.4 6385.29 6385.16;
18622.1 6401.87 6401.74;
18555.4 6418.33 6418.2;
18488.4 6434.68 6434.54;
18421.1 6450.91 6450.77;
18353.5 6467.02 6466.88;
18285.5 6483.01 6482.87;
18217.1 6498.89 6498.74;
18148.5 6514.64 6514.49;
18079.4 6530.26 6530.12;
18010.1 6545.77 6545.62;
17940.4 6561.15 6561;
17870.3 6576.4 6576.25;
17799.9 6591.52 6591.37;
17729.2 6606.52 6606.36;
17658.1 6621.39 6621.23;
17586.6 6636.12 6635.96;
17514.8 6650.72 6650.56;
17442.6 6665.19 6665.02;
17370.1 6679.52 6679.35;
17297.2 6693.71 6693.54;
17224 6707.76 6707.59;
17150.4 6721.68 6721.5;
17076.4 6735.45 6735.27;
17002.1 6749.08 6748.9;
16927.4 6762.56 6762.38;
16852.4 6775.9 6775.72;
16777 6789.09 6788.91;
16701.2 6802.14 6801.94;
16625 6815.03 6814.83;
16548.5 6827.76 6827.57;
16471.6 6840.35 6840.15;
16394.3 6852.78 6852.57;
16316.6 6865.05 6864.84;
16238.6 6877.16 6876.95;
16160.1 6889.11 6888.9;
16081.3 6900.9 6900.68;
16002.1 6912.52 6912.3;
15922.6 6923.98 6923.76;
15842.6 6935.26 6935.04;
15762.2 6946.38 6946.16;
15681.5 6957.33 6957.1;
15600.3 6968.1 6967.87;
15518.8 6978.7 6978.46;
15436.9 6989.11 6988.87;
15354.5 6999.35 6999.11;
15271.8 7009.41 7009.16;
15188.7 7019.28 7019.03;
15105.1 7028.96 7028.71;
15021.2 7038.46 7038.2;
14936.8 7047.76 7047.5;
14852 7056.87 7056.61;
14766.9 7065.79 7065.52;
14681.3 7074.5 7074.23;
14595.3 7083.02 7082.75;
14508.8 7091.34 7091.06;
14422 7099.45 7099.16;
14334.7 7107.35 7107.06;
14247 7115.04 7114.75;
14158.9 7122.52 7122.23;
14070.3 7129.78 7129.48;
13981.3 7136.83 7136.53;
13891.9 7143.65 7143.35;
13802.1 7150.25 7149.94;
13711.8 7156.63 7156.31;
13621 7162.77 7162.45;
13529.8 7168.68 7168.36;
13438.2 7174.36 7174.03;
13346.1 7179.8 7179.47;
13253.6 7185 7184.66;
13160.6 7189.95 7189.61;
13067.2 7194.65 7194.31;
12973.3 7199.11 7198.75;
12879 7203.31 7202.95;
12784.2 7207.25 7206.88;
12688.9 7210.92 7210.56;
12593.1 7214.34 7213.96;
12496.9 7217.48 7217.1;
12400.2 7220.35 7219.97;
12303.1 7222.95 7222.56;
12205.4 7225.27 7224.87;
12107.3 7227.3 7226.9;
12008.7 7229.04 7228.63;
11909.6 7230.49 7230.08;
11810 7231.65 7231.23;
11709.9 7232.5 7232.07;
11609.3 7233.05 7232.62;
11508.3 7233.29 7232.85;
11406.7 7233.21 7232.77;
11304.6 7232.82 7232.37;
11202 7232.1 7231.64;
11098.9 7231.05 7230.59;
10995.3 7229.67 7229.2;
10891.2 7227.95 7227.48;
10786.5 7225.89 7225.41;
10681.4 7223.48 7222.99;
10575.7 7220.71 7220.21;
10469.4 7217.59 7217.08;
10362.7 7214.1 7213.58;
10255.4 7210.23 7209.71;
10147.5 7205.99 7205.46;
10039.2 7201.36 7200.82;
9930.23 7196.35 7195.8;
9820.75 7190.93 7190.38;
9710.73 7185.12 7184.55;
9600.14 7178.89 7178.32;
9489 7172.25 7171.67;
9377.29 7165.18 7164.59;
9265.02 7157.68 7157.08;
9152.18 7149.75 7149.13;
9038.76 7141.36 7140.74;
8924.76 7132.52 7131.89;
8810.19 7123.22 7122.58;
8695.03 7113.45 7112.8;
8579.28 7103.2 7102.54;
8462.94 7092.46 7091.79;
8346 7081.23 7080.54;
8228.46 7069.49 7068.79;
8110.32 7057.23 7056.52;
7991.58 7044.45 7043.73;
7872.22 7031.13 7030.4;
7752.25 7017.27 7016.52;
7631.67 7002.85 7002.09;
7510.46 6987.86 6987.09;
7388.63 6972.3 6971.51;
7266.16 6956.14 6955.34;
7143.07 6939.38 6938.57;
7019.34 6922.01 6921.19;
6894.98 6904.02 6903.18;
6769.97 6885.38 6884.53;
6644.31 6866.09 6865.22;
6518 6846.13 6845.25;
6391.05 6825.5 6824.59;
6263.43 6804.16 6803.24;
6135.16 6782.12 6781.18;
6006.23 6759.35 6758.4;
5876.63 6735.83 6734.86;
5746.37 6711.56 6710.57;
5615.43 6686.51 6685.5;
5483.83 6660.67 6659.64;
5351.55 6634.01 6632.96;
5218.59 6606.52 6605.45;
5084.96 6578.18 6577.09;
4950.64 6548.97 6547.86;
4815.65 6518.86 6517.73;
4679.97 6487.84 6486.68;
4543.61 6455.88 6454.7;
4406.57 6422.96 6421.75;
4268.84 6389.05 6387.82;
4130.43 6354.13 6352.88;
3991.35 6318.18 6316.9;
3851.58 6281.16 6279.85;
3711.13 6243.05 6241.71;
3570.01 6203.81 6202.45;
3428.22 6163.43 6162.03;
3285.77 6121.86 6120.43;
3142.65 6079.08 6077.61;
2998.87 6035.04 6033.54;
2854.45 5989.72 5988.19;
2709.39 5943.08 5941.51;
2563.69 5895.07 5893.47;
2417.38 5845.67 5844.02;
2270.46 5794.82 5793.13;
2122.94 5742.49 5740.76;
1974.85 5688.62 5686.85;
1826.2 5633.18 5631.37;
1677 5576.12 5574.25;
1527.29 5517.38 5515.46;
1377.08 5456.9 5454.94;
1226.41 5394.65 5392.63;
1075.3 5330.55 5328.48;
923.794 5264.56 5262.42;
771.921 5196.6 5194.4;
619.727 5126.61 5124.35;
467.259 5054.52 5052.2;
314.568 4980.28 4977.88;
161.712 4903.79 4901.33;
8.75465 4825 4822.45;
-144.235 4743.81 4741.19;
-297.178 4660.16 4657.45;
-449.989 4573.95 4571.15;
-602.574 4485.1 4482.21;
-754.828 4393.52 4390.53;
-906.637 4299.12 4296.03;
-1057.87 4201.81 4198.61;
-1208.4 4101.49 4098.17;
-1358.05 3998.06 3994.63;
-1506.67 3891.43 3887.87;
-1654.07 3781.51 3777.81;
-1800.05 3668.18 3664.34;
-1944.38 3551.36 3547.37;
-2086.82 3430.94 3426.8;
-2227.11 3306.86 3302.54;
-2364.95 3179.01 3174.52;
-2500.03 3047.32 3042.65;
-2632.03 2911.73 2906.86;
-2760.56 2772.17 2767.11;
-2885.25 2628.62 2623.34;
-3005.68 2481.05 2475.55;
-3121.42 2329.47 2323.73;
-3232 2173.89 2167.91;
-3336.94 2014.37 2008.15;
-3435.76 1851.01 1844.53;
-3527.96 1683.93 1677.18;
-3613.03 1513.29 1506.27;
-3690.48 1339.3 1332.01;
-3759.84 1162.21 1154.64;
-3820.66 982.312 974.471;
-3872.53 799.946 791.834;
-3915.1 615.485 607.109;
-3948.05 429.339 420.709;
-3971.17 241.947 233.078;
-3984.3 53.7698 44.6776;
-3987.38 -134.722 -144.016;
-3980.43 -323.053 -332.524;
-3963.53 -510.756 -520.377;
-3936.87 -697.379 -707.119;
-3900.71 -882.494 -892.321;
-3855.36 -1065.7 -1075.58;
-3801.2 -1246.65 -1256.55;
-3738.64 -1425.01 -1434.89;
-3668.14 -1600.51 -1610.33;
-3590.17 -1772.9 -1782.63;
-3505.21 -1942.01 -1951.61;
-3413.76 -2107.68 -2117.11;
-3316.3 -2269.78 -2279.02;
-3213.3 -2428.24 -2437.25;
-3105.22 -2583.01 -2591.76;
-2992.51 -2734.06 -2742.52;
-2875.58 -2881.39 -2889.54;
-2754.82 -3025.03 -3032.83;
-2630.61 -3165.01 -3172.44;
-2503.28 -3301.37 -3308.42;
-2373.16 -3434.19 -3440.82;
-2240.55 -3563.52 -3569.73;
-2105.72 -3689.46 -3695.21;
-1968.92 -3812.07 -3817.36;
-1830.38 -3931.44 -3936.26;
-1690.32 -4047.67 -4052;
-1548.92 -4160.84 -4164.66;
-1406.36 -4271.04 -4274.35;
-1262.81 -4378.35 -4381.15;
-1118.41 -4482.88 -4485.14;
-973.291 -4584.7 -4586.42;
-827.58 -4683.91 -4685.08;
-681.386 -4780.57 -4781.19;
-534.81 -4874.78 -4874.84;
-387.944 -4966.62 -4966.11;
-240.87 -5056.15 -5055.08;
-93.6631 -5143.46 -5141.82;
53.6069 -5228.61 -5226.39;
200.878 -5311.68 -5308.88;
348.095 -5392.73 -5389.35;
495.205 -5471.82 -5467.85;
642.163 -5549.02 -5544.47;
788.927 -5624.38 -5619.24;
935.457 -5697.97 -5692.24;
1081.72 -5769.83 -5763.52;
1227.69 -5840.02 -5833.12;
1373.33 -5908.6 -5901.1;
1518.61 -5975.6 -5967.52;
1663.53 -6041.08 -6032.41;
1808.04 -6105.08 -6095.82;
1952.15 -6167.65 -6157.79;
2095.82 -6228.82 -6218.37;
2239.05 -6288.63 -6277.6;
2381.82 -6347.13 -6335.51;
2524.12 -6404.35 -6392.14;
2665.94 -6460.33 -6447.53;
2807.26 -6515.09 -6501.71;
2948.09 -6568.68 -6554.71;
3088.41 -6621.12 -6606.57;
3228.22 -6672.45 -6657.32;
3367.51 -6722.69 -6706.98;
3506.28 -6771.88 -6755.59;
3644.52 -6820.03 -6803.16;
3782.23 -6867.18 -6849.74;
3919.41 -6913.35 -6895.33;
4056.05 -6958.57 -6939.97;
4192.15 -7002.85 -6983.69;
4327.72 -7046.23 -7026.49;
4462.75 -7088.71 -7068.41;
4597.23 -7130.34 -7109.47;
4731.18 -7171.11 -7149.68;
4864.58 -7211.06 -7189.07;
4997.45 -7250.21 -7227.65;
5129.78 -7288.56 -7265.45;
5261.57 -7326.15 -7302.48;
5392.82 -7362.98 -7338.75;
5523.54 -7399.08 -7374.29;
5653.72 -7434.45 -7409.12;
5783.37 -7469.12 -7443.24;
5912.49 -7503.1 -7476.67;
6041.08 -7536.4 -7509.43;
6169.14 -7569.05 -7541.52;
6296.68 -7601.04 -7572.98;
6423.7 -7632.4 -7603.8;
6550.2 -7663.14 -7634;
6676.18 -7693.27 -7663.6;
6801.64 -7722.81 -7692.6;
6926.6 -7751.76 -7721.01;
7051.04 -7780.13 -7748.86;
7174.98 -7807.95 -7776.14;
7298.41 -7835.21 -7802.88;
7421.35 -7861.93 -7829.08;
7543.78 -7888.12 -7854.74;
7665.72 -7913.79 -7879.89;
7787.16 -7938.95 -7904.53;
7908.12 -7963.61 -7928.67;
8028.59 -7987.77 -7952.32;
8148.57 -8011.45 -7975.49;
8268.07 -8034.66 -7998.19;
8387.1 -8057.4 -8020.41;
8505.65 -8079.68 -8042.19;
8623.73 -8101.51 -8063.51;
8741.33 -8122.9 -8084.39;
8858.48 -8143.85 -8104.84;
8975.15 -8164.37 -8124.87;
9091.37 -8184.47 -8144.47;
9207.13 -8204.16 -8163.66;
9322.44 -8223.45 -8182.45;
9437.29 -8242.33 -8200.84;
9551.69 -8260.82 -8218.84;
9665.65 -8278.92 -8236.45;
9779.16 -8296.64 -8253.68;
9892.24 -8313.98 -8270.54;
10004.9 -8330.96 -8287.03;
10117.1 -8347.57 -8303.16;
10228.8 -8363.82 -8318.94;
10340.2 -8379.73 -8334.36;
10451.1 -8395.28 -8349.44;
10561.6 -8410.49 -8364.18;
10671.7 -8425.37 -8378.58;
10781.3 -8439.92 -8392.65;
10890.5 -8454.13 -8406.4;
10999.4 -8468.03 -8419.83;
11107.8 -8481.61 -8432.94;
11215.8 -8494.88 -8445.74;
11323.4 -8507.84 -8458.24;
11430.5 -8520.49 -8470.43;
11537.3 -8532.85 -8482.33;
11643.7 -8544.9 -8493.93;
11749.7 -8556.67 -8505.24;
11855.3 -8568.16 -8516.27;
11960.5 -8579.35 -8527.01;
12065.4 -8590.27 -8537.48;
12169.8 -8600.92 -8547.67;
12273.9 -8611.29 -8557.59;
12377.5 -8621.39 -8567.25;
12480.8 -8631.23 -8576.64;
12583.8 -8640.81 -8585.78;
12686.3 -8650.13 -8594.65;
12788.5 -8659.19 -8603.28;
12890.3 -8668.01 -8611.65;
12991.7 -8676.58 -8619.78;
13092.8 -8684.9 -8627.67;
13193.5 -8692.98 -8635.31;
13293.8 -8700.82 -8642.72;
13393.8 -8708.43 -8649.9;
13493.4 -8715.8 -8656.84;
13592.7 -8722.94 -8663.55;
13691.6 -8729.86 -8670.04;
13790.2 -8736.55 -8676.31;
13888.4 -8743.03 -8682.36;
13986.3 -8749.28 -8688.19;
14083.8 -8755.31 -8693.8;
14181 -8761.14 -8699.2;
14277.9 -8766.75 -8704.4;
14374.4 -8772.15 -8709.38;
14470.6 -8777.35 -8714.16;
14566.4 -8782.34 -8718.74;
14661.9 -8787.13 -8723.12;
14757.1 -8791.73 -8727.3;
14851.9 -8796.12 -8731.29;
14946.4 -8800.32 -8735.08;
15040.6 -8804.33 -8738.68;
15134.5 -8808.15 -8742.09;
15228 -8811.78 -8745.32;
15321.2 -8815.23 -8748.36;
15414.1 -8818.49 -8751.22;
15506.7 -8821.56 -8753.89;
15599 -8824.46 -8756.39;
15690.9 -8827.18 -8758.72;
15782.6 -8829.73 -8760.86;
15873.9 -8832.1 -8762.84;
15964.9 -8834.3 -8764.64;
16055.7 -8836.32 -8766.28;
16146.1 -8838.18 -8767.74;
16236.2 -8839.87 -8769.04;
16326 -8841.4 -8770.18;
16415.5 -8842.76 -8771.16;
16504.7 -8843.96 -8771.97;
16593.6 -8845.01 -8772.63;
16682.2 -8845.89 -8773.13;
16770.5 -8846.61 -8773.47;
16858.5 -8847.18 -8773.66;
16946.2 -8847.6 -8773.69;
17033.7 -8847.87 -8773.58;
17120.8 -8847.98 -8773.32;
17207.7 -8847.95 -8772.9;
17294.2 -8847.76 -8772.35;
17380.5 -8847.43 -8771.64;
17466.5 -8846.96 -8770.8;
17552.2 -8846.34 -8769.81;
17637.7 -8845.58 -8768.68;
17722.8 -8844.68 -8767.41;
17807.7 -8843.65 -8766;
17892.3 -8842.47 -8764.46;
17976.6 -8841.15 -8762.78;
18060.7 -8839.71 -8760.97;
18144.5 -8838.12 -8759.02;
18228 -8836.41 -8756.94;
18311.2 -8834.56 -8754.73;
18394.2 -8832.58 -8752.39;
18476.8 -8830.48 -8749.93;
18559.3 -8828.24 -8747.34;
18641.4 -8825.88 -8744.62;
18723.3 -8823.39 -8741.78;
18805 -8820.78 -8738.81;
18886.3 -8818.05 -8735.72;
18967.5 -8815.19 -8732.51;
19048.3 -8812.21 -8729.18;
19128.9 -8809.11 -8725.74;
19209.2 -8805.9 -8722.17;
19289.3 -8802.56 -8718.49;
19369.1 -8799.11 -8714.69;
19448.7 -8795.54 -8710.78;
19528 -8791.86 -8706.75;
19607.1 -8788.06 -8702.61;
19685.9 -8784.15 -8698.36;
19764.4 -8780.13 -8694;
19842.7 -8776 -8689.52;
19920.8 -8771.76 -8684.94;
19998.6 -8767.41 -8680.25;
20076.2 -8762.95 -8675.46;
20153.5 -8758.38 -8670.55;
20230.6 -8753.71 -8665.55;
20307.4 -8748.93 -8660.44;
20384 -8744.05 -8655.22;
20460.4 -8739.06 -8649.9;
20536.5 -8733.98 -8644.48;
20612.3 -8728.78 -8638.96;
20688 -8723.49 -8633.34;
20763.4 -8718.1 -8627.62;
20838.5 -8712.61 -8621.8;
20913.5 -8707.02 -8615.89;
20988.2 -8701.33 -8609.88;
21062.6 -8695.55 -8603.77;
21136.8 -8689.67 -8597.56;
21210.8 -8683.69 -8591.27;
21284.6 -8677.62 -8584.87;
21358.1 -8671.45 -8578.39;
21431.4 -8665.19 -8571.81;
21504.5 -8658.84 -8565.14;
21577.3 -8652.4 -8558.38;
21650 -8645.87 -8551.53;
21722.4 -8639.24 -8544.6;
21794.5 -8632.53 -8537.57;
21866.5 -8625.73 -8530.45;
21938.2 -8618.84 -8523.25;
22009.7 -8611.86 -8515.96;
22081 -8604.79 -8508.59;
22152 -8597.64 -8501.13;
22222.9 -8590.41 -8493.58;
22293.5 -8583.08 -8485.95;
22363.9 -8575.68 -8478.24;
22434.1 -8568.19 -8470.45;
22504 -8560.62 -8462.57;
22573.8 -8552.96 -8454.61;
22643.3 -8545.23 -8446.57;
22712.6 -8537.41 -8438.45;
22781.7 -8529.51 -8430.25;
22850.6 -8521.53 -8421.98;
22919.3 -8513.47 -8413.62;
22987.8 -8505.34 -8405.19;
23056 -8497.12 -8396.67;
23124.1 -8488.83 -8388.09;
23191.9 -8480.46 -8379.42;
23259.5 -8472.02 -8370.68;
23327 -8463.5 -8361.87;
23394.2 -8454.9 -8352.98;
23461.2 -8446.23 -8344.02;
23528 -8437.48 -8334.98;
23594.6 -8428.66 -8325.87;
23661 -8419.77 -8316.69;
23727.1 -8410.8 -8307.43;
23793.1 -8401.77 -8298.11;
23858.9 -8392.66 -8288.71;
23924.5 -8383.48 -8279.25;
23989.9 -8374.23 -8269.71;
24055 -8364.91 -8260.11;
24120 -8355.51 -8250.43;
24184.8 -8346.05 -8240.69;
24249.4 -8336.53 -8230.88;
24313.7 -8326.93 -8221;
24377.9 -8317.26 -8211.06;
24441.9 -8307.53 -8201.05;
24505.7 -8297.73 -8190.97;
24569.3 -8287.87 -8180.83;
24632.7 -8277.94 -8170.62;
24695.9 -8267.94 -8160.35;
24758.9 -8257.88 -8150.02;
24821.7 -8247.75 -8139.62;
24884.3 -8237.56 -8129.15;
24946.8 -8227.31 -8118.63;
25009 -8216.99 -8108.04;
25071 -8206.61 -8097.39;
25132.9 -8196.17 -8086.67;
25194.6 -8185.66 -8075.9;
25256 -8175.1 -8065.07;
25317.3 -8164.47 -8054.17;
25378.4 -8153.78 -8043.22;
25439.4 -8143.03 -8032.2;
25500.1 -8132.22 -8021.13;
25560.6 -8121.35 -8010;
25621 -8110.43 -7998.81;
25681.1 -8099.44 -7987.56;
25741.1 -8088.4 -7976.25;
25800.9 -8077.29 -7964.89;
25860.5 -8066.13 -7953.47;
25920 -8054.92 -7941.99;
25979.2 -8043.64 -7930.46;
26038.3 -8032.31 -7918.87;
26097.2 -8020.92 -7907.23;
26155.9 -8009.48 -7895.53;
26214.4 -7997.98 -7883.78;
26272.7 -7986.43 -7871.97;
26330.9 -7974.82 -7860.11;
26388.9 -7963.16 -7848.19;
26446.7 -7951.44 -7836.22;
26504.3 -7939.67 -7824.2;
26561.7 -7927.84 -7812.13;
26619 -7915.97 -7800;
26676.1 -7904.04 -7787.82;
26733 -7892.05 -7775.59;
26789.8 -7880.02 -7763.31;
26846.3 -7867.93 -7750.98;
26902.7 -7855.8 -7738.59;
26958.9 -7843.61 -7726.16;
27015 -7831.37 -7713.68;
27070.8 -7819.08 -7701.14;
27126.5 -7806.74 -7688.56;
27182.1 -7794.35 -7675.93;
27237.4 -7781.91 -7663.25;
27292.6 -7769.42 -7650.52;
27347.6 -7756.89 -7637.74;
27402.4 -7744.3 -7624.92;
27457.1 -7731.67 -7612.04;
27511.6 -7718.98 -7599.13;
27565.9 -7706.25 -7586.16;
27620 -7693.48 -7573.14;
27674 -7680.65 -7560.08;
27727.8 -7667.78 -7546.98;
27781.5 -7654.86 -7533.83;
27835 -7641.9 -7520.63;
27888.3 -7628.89 -7507.39;
27941.4 -7615.83 -7494.1;
27994.4 -7602.73 -7480.77;
28047.2 -7589.58 -7467.39;
28099.9 -7576.39 -7453.97;
28152.3 -7563.16 -7440.5;
28204.7 -7549.88 -7426.99;
28256.8 -7536.55 -7413.44;
28308.8 -7523.18 -7399.85;
28360.6 -7509.77 -7386.21;
28412.3 -7496.31 -7372.53;
28463.8 -7482.82 -7358.8;
28515.1 -7469.27 -7345.04;
28566.3 -7455.69 -7331.23;
28617.3 -7442.06 -7317.38;
28668.1 -7428.4 -7303.49;
28718.8 -7414.69 -7289.56;
28769.3 -7400.93 -7275.59;
28819.7 -7387.14 -7261.58;
28869.9 -7373.31 -7247.52;
28920 -7359.43 -7233.43;
28969.8 -7345.52 -7219.3;
29019.6 -7331.56 -7205.12;
29069.1 -7317.56 -7190.91;
29118.6 -7303.53 -7176.66;
29167.8 -7289.45 -7162.37;
29216.9 -7275.34 -7148.04;
29265.8 -7261.18 -7133.67;
29314.6 -7246.99 -7119.26;
29363.2 -7232.76 -7104.82;
29411.7 -7218.48 -7090.34;
29460 -7204.18 -7075.82;
29508.2 -7189.83 -7061.26;
29556.2 -7175.44 -7046.66;
29604 -7161.02 -7032.03;
29651.7 -7146.56 -7017.36;
29699.2 -7132.06 -7002.66;
29746.6 -7117.53 -6987.92;
29793.9 -7102.96 -6973.14;
29840.9 -7088.35 -6958.33;
29887.9 -7073.7 -6943.48;
29934.6 -7059.02 -6928.59;
29981.2 -7044.31 -6913.67;
30027.7 -7029.55 -6898.72;
30074 -7014.76 -6883.73;
30120.2 -6999.94 -6868.7;
30166.2 -6985.08 -6853.64;
30212 -6970.19 -6838.55;
30257.8 -6955.26 -6823.42;
30303.3 -6940.3 -6808.26;
30348.7 -6925.3 -6793.06;
30394 -6910.27 -6777.83;
30439.1 -6895.2 -6762.57;
30484 -6880.1 -6747.27;
30528.9 -6864.97 -6731.94;
30573.5 -6849.8 -6716.58;
30618 -6834.6 -6701.19;
30662.4 -6819.37 -6685.76;
30706.6 -6804.1 -6670.3;
30750.7 -6788.81 -6654.81;
30794.6 -6773.48 -6639.29;
30838.4 -6758.11 -6623.73;
30882 -6742.72 -6608.15;
30925.5 -6727.29 -6592.53;
30968.8 -6711.83 -6576.88;
31012 -6696.34 -6561.2;
31055.1 -6680.82 -6545.49;
31098 -6665.26 -6529.75;
31140.7 -6649.68 -6513.98;
31183.4 -6634.06 -6498.18;
31225.8 -6618.41 -6482.34;
31268.1 -6602.74 -6466.48;
31310.3 -6587.03 -6450.59;
31352.4 -6571.29 -6434.67;
31394.3 -6555.52 -6418.72;
31436 -6539.73 -6402.74;
31477.6 -6523.9 -6386.73;
31519.1 -6508.04 -6370.69;
31560.4 -6492.15 -6354.62;
31601.6 -6476.24 -6338.53;
31642.6 -6460.29 -6322.4;
31683.5 -6444.32 -6306.25;
31724.3 -6428.31 -6290.07;
31764.9 -6412.28 -6273.86;
31805.3 -6396.22 -6257.62;
31845.7 -6380.13 -6241.36;
31885.9 -6364.02 -6225.06;
31925.9 -6347.87 -6208.74;
31965.8 -6331.7 -6192.4;
32005.6 -6315.5 -6176.02;
32045.2 -6299.27 -6159.62;
32084.7 -6283.02 -6143.19;
32124.1 -6266.73 -6126.74;
32163.3 -6250.43 -6110.26;
32202.4 -6234.09 -6093.75;
32241.3 -6217.73 -6077.22;
32280.1 -6201.34 -6060.66;
32318.8 -6184.92 -6044.07;
32357.3 -6168.48 -6027.46;
32395.7 -6152.01 -6010.82;
32433.9 -6135.51 -5994.16;
32472 -6118.99 -5977.47;
32510 -6102.44 -5960.76;
32547.8 -6085.87 -5944.02;
32585.5 -6069.27 -5927.26;
32623.1 -6052.65 -5910.47;
32660.5 -6036 -5893.66;
32697.8 -6019.32 -5876.82;
32735 -6002.63 -5859.96;
32772 -5985.9 -5843.07;
32808.9 -5969.15 -5826.16;
32845.7 -5952.38 -5809.23;
32882.3 -5935.58 -5792.27;
32918.8 -5918.76 -5775.29;
32955.1 -5901.91 -5758.28;
32991.3 -5885.04 -5741.25;
33027.4 -5868.15 -5724.2;
33063.4 -5851.23 -5707.13;
33099.2 -5834.29 -5690.03;
33134.9 -5817.32 -5672.91;
33170.4 -5800.33 -5655.76;
33205.8 -5783.32 -5638.6;
33241.1 -5766.29 -5621.41;
33276.2 -5749.23 -5604.2;
33311.3 -5732.15 -5586.96;
33346.2 -5715.05 -5569.71;
33380.9 -5697.92 -5552.43;
33415.5 -5680.77 -5535.13;
33450 -5663.6 -5517.8;
33484.4 -5646.4 -5500.46;
33518.6 -5629.19 -5483.09;
33552.7 -5611.95 -5465.71;
33586.7 -5594.69 -5448.3;
33620.5 -5577.41 -5430.87;
33654.2 -5560.11 -5413.42;
33687.8 -5542.78 -5395.95;
33721.2 -5525.44 -5378.45;
33754.5 -5508.07 -5360.94;
33787.7 -5490.68 -5343.41;
33820.8 -5473.27 -5325.85;
33853.7 -5455.84 -5308.28;
33886.5 -5438.39 -5290.68;
33919.2 -5420.91 -5273.07;
33951.7 -5403.42 -5255.43;
33984.1 -5385.91 -5237.78;
34016.4 -5368.37 -5220.1;
34048.5 -5350.82 -5202.41;
34080.6 -5333.24 -5184.69;
34112.5 -5315.65 -5166.96;
34144.2 -5298.04 -5149.2;
34175.9 -5280.4 -5131.43;
34207.4 -5262.75 -5113.64;
34238.8 -5245.07 -5095.83;
34270 -5227.38 -5078;
34301.1 -5209.67 -5060.15;
34332.2 -5191.93 -5042.28;
34363 -5174.18 -5024.39;
34393.8 -5156.41 -5006.49;
34424.4 -5138.62 -4988.56;
34454.9 -5120.82 -4970.62;
34485.3 -5102.99 -4952.66;
34515.5 -5085.14 -4934.68;
34545.6 -5067.28 -4916.69;
34575.6 -5049.4 -4898.67;
34605.5 -5031.49 -4880.64;
34635.2 -5013.58 -4862.59;
34664.9 -4995.64 -4844.53;
34694.3 -4977.68 -4826.44;
34723.7 -4959.71 -4808.34;
34753 -4941.72 -4790.22;
34782.1 -4923.71 -4772.08;
34811.1 -4905.68 -4753.93;
34839.9 -4887.64 -4735.76;
34868.7 -4869.57 -4717.57;
34897.3 -4851.5 -4699.37;
34925.8 -4833.4 -4681.14;
34954.2 -4815.29 -4662.91;
34982.4 -4797.15 -4644.65;
35010.5 -4779.01 -4626.38;
35038.5 -4760.84 -4608.09;
35066.4 -4742.66 -4589.79;
35094.2 -4724.46 -4571.47;
35121.8 -4706.25 -4553.13;
35149.3 -4688.02 -4534.78;
35176.7 -4669.77 -4516.42;
35204 -4651.51 -4498.03;
35231.1 -4633.23 -4479.63];
6862 142.935 338.318;
46861.7 168.14 363.523;
46861.2 193.345 388.727;
46860.5 218.549 413.93;
46859.7 243.752 439.131;
46858.8 268.954 464.331;
46857.6 294.156 489.529;
46856.3 319.356 514.726;
46854.9 344.556 539.921;
46853.3 369.754 565.114];
